"","pAPEC_O1_ColBM","working_name","Percent_hit"
"ESC_AA7971AA_AS",14210,"ESC_AA7971AA_AS",8
"ESC_AA9421AA_AS",114569,"ESC_AA9421AA_AS",66
"ESC_BA0967AA_AS",11808,"ESC_BA0967AA_AS",7
"ESC_BA1000AA_AS",24400,"ESC_BA1000AA_AS",14
"ESC_BA1242AA_AS",5730,"ESC_BA1242AA_AS",3
"ESC_BA1451AA_AS",19717,"ESC_BA1451AA_AS",11
"ESC_BA2267AA_AS",32786,"ESC_BA2267AA_AS",19
"ESC_BA2574AA_AS",20322,"ESC_BA2574AA_AS",12
"ESC_BA3061AA_AS",16780,"ESC_BA3061AA_AS",10
"ESC_BA3227AA_AS",5730,"ESC_BA3227AA_AS",3
"ESC_BA3967AA_AS",5730,"ESC_BA3967AA_AS",3
"ESC_BA4108AA_AS",105323,"ESC_BA4108AA_AS",60
"ESC_BA4389AA_AS",89497,"ESC_BA4389AA_AS",51
"ESC_BA5185AA_AS",14210,"ESC_BA5185AA_AS",8
"ESC_BA5541AA_AS",27373,"ESC_BA5541AA_AS",16
"ESC_BA6731AA_AS",19172,"ESC_BA6731AA_AS",11
"ESC_BA7454AA_AS",21547,"ESC_BA7454AA_AS",12
"ESC_BA7761AA_AS",27373,"ESC_BA7761AA_AS",16
"ESC_BA8039AA_AS",65741,"ESC_BA8039AA_AS",38
"ESC_BA8085AA_AS",105306,"ESC_BA8085AA_AS",60
"ESC_BA8137AA_AS",96172,"ESC_BA8137AA_AS",55
"ESC_BA8190AA_AS",104549,"ESC_BA8190AA_AS",60
"ESC_BA8258AA_AS",25602,"ESC_BA8258AA_AS",15
"ESC_BA8511AA_AS",112088,"ESC_BA8511AA_AS",64
"ESC_CA0637AA_AS",42166,"ESC_CA0637AA_AS",24
"ESC_CA0677AA_AS",23043,"ESC_CA0677AA_AS",13
"ESC_CA0894AA_AS",36651,"ESC_CA0894AA_AS",21
"ESC_CA0987AA_AS",8311,"ESC_CA0987AA_AS",5
"ESC_CA1134AA_AS",27426,"ESC_CA1134AA_AS",16
"ESC_CA1554AA_AS",106807,"ESC_CA1554AA_AS",61
"ESC_CA2031AA_AS",105380,"ESC_CA2031AA_AS",60
"ESC_CA2085AA_AS",91246,"ESC_CA2085AA_AS",52
"ESC_CA2243AA_AS",9931,"ESC_CA2243AA_AS",6
"ESC_CA2638AA_AS",86707,"ESC_CA2638AA_AS",50
"ESC_CA2654AA_AS",8065,"ESC_CA2654AA_AS",5
"ESC_CA2708AA_AS",51162,"ESC_CA2708AA_AS",29
"ESC_CA2713AA_AS",30857,"ESC_CA2713AA_AS",18
"ESC_CA2823AA_AS",20406,"ESC_CA2823AA_AS",12
"ESC_CA3069AA_AS",104019,"ESC_CA3069AA_AS",60
"ESC_CA3085AA_AS",23358,"ESC_CA3085AA_AS",13
"ESC_CA3089AA_AS",97495,"ESC_CA3089AA_AS",56
"ESC_CA3176AA_AS",25616,"ESC_CA3176AA_AS",15
"ESC_CA3553AA_AS",109223,"ESC_CA3553AA_AS",63
"ESC_CA3698AA_AS",69923,"ESC_CA3698AA_AS",40
"ESC_CA4056AA_AS",113811,"ESC_CA4056AA_AS",65
"ESC_CA4172AA_AS",101673,"ESC_CA4172AA_AS",58
"ESC_CA4203AA_AS",91441,"ESC_CA4203AA_AS",52
"ESC_CA4416AA_AS",110388,"ESC_CA4416AA_AS",63
"ESC_CA4774AA_AS",26983,"ESC_CA4774AA_AS",15
"ESC_CA4830AA_AS",18893,"ESC_CA4830AA_AS",11
"ESC_CA4887AA_AS",104930,"ESC_CA4887AA_AS",60
"ESC_CA4893AA_AS",102503,"ESC_CA4893AA_AS",59
"ESC_CA5088AA_AS",21143,"ESC_CA5088AA_AS",12
"ESC_CA5131AA_AS",89457,"ESC_CA5131AA_AS",51
"ESC_CA5222AA_AS",112211,"ESC_CA5222AA_AS",64
"ESC_CA5420AA_AS",18002,"ESC_CA5420AA_AS",10
"ESC_CA5467AA_AS",89209,"ESC_CA5467AA_AS",51
"ESC_CA5548AA_AS",103532,"ESC_CA5548AA_AS",59
"ESC_CA5584AA_AS",83546,"ESC_CA5584AA_AS",48
"ESC_CA5697AA_AS",102001,"ESC_CA5697AA_AS",59
"ESC_CA5710AA_AS",111352,"ESC_CA5710AA_AS",64
"ESC_CA5916AA_AS",60930,"ESC_CA5916AA_AS",35
"ESC_CA5933AA_AS",111595,"ESC_CA5933AA_AS",64
"ESC_CA6119AA_AS",109199,"ESC_CA6119AA_AS",63
"ESC_CA6132AA_AS",24412,"ESC_CA6132AA_AS",14
"ESC_CA6171AA_AS",33702,"ESC_CA6171AA_AS",19
"ESC_CA6221AA_AS",110163,"ESC_CA6221AA_AS",63
"ESC_CA6245AA_AS",102835,"ESC_CA6245AA_AS",59
"ESC_CA6287AA_AS",110981,"ESC_CA6287AA_AS",64
"ESC_CA6295AA_AS",32910,"ESC_CA6295AA_AS",19
"ESC_CA6692AA_AS",29721,"ESC_CA6692AA_AS",17
"ESC_CA6770AA_AS",107112,"ESC_CA6770AA_AS",61
"ESC_CB2269AA_AS",29122,"ESC_CB2269AA_AS",17
"ESC_CB2297AA_AS",23419,"ESC_CB2297AA_AS",13
"ESC_CB2309AA_AS",53836,"ESC_CB2309AA_AS",31
"ESC_CB2317AA_AS",86396,"ESC_CB2317AA_AS",50
"ESC_CB2345AA_AS",26496,"ESC_CB2345AA_AS",15
"ESC_CB2384AA_AS",87330,"ESC_CB2384AA_AS",50
"ESC_CB2447AA_AS",87982,"ESC_CB2447AA_AS",50
"ESC_CB2459AA_AS",87319,"ESC_CB2459AA_AS",50
"ESC_CB7223AA_AS",85776,"ESC_CB7223AA_AS",49
"ESC_CB8726AA_AS",36576,"ESC_CB8726AA_AS",21
"ESC_CB8729AA_AS",118083,"ESC_CB8729AA_AS",68
"ESC_CB8822AA_AS",98776,"ESC_CB8822AA_AS",57
"ESC_CB8832AA_AS",41878,"ESC_CB8832AA_AS",24
"ESC_CB8888AA_AS",122227,"ESC_CB8888AA_AS",70
"ESC_CB8931AA_AS",121752,"ESC_CB8931AA_AS",70
"ESC_CB9097AA_AS",114112,"ESC_CB9097AA_AS",65
"ESC_CB9169AA_AS",46547,"ESC_CB9169AA_AS",27
"ESC_FA1638AA_AS",91524,"ESC_FA1638AA_AS",53
"ESC_FA6906AA_AS",35081,"ESC_FA6906AA_AS",20
"ESC_FA6908AA_AS",22811,"ESC_FA6908AA_AS",13
"ESC_FA7190AA_AS",82685,"ESC_FA7190AA_AS",47
"ESC_FA8050AA_AS",47198,"ESC_FA8050AA_AS",27
"ESC_FB3739AA_AS",43827,"ESC_FB3739AA_AS",25
"ESC_FB7924AA_AS",79934,"ESC_FB7924AA_AS",46
"ESC_FB9215AA_AS",105247,"ESC_FB9215AA_AS",60
"ESC_FB9587AA_AS",91559,"ESC_FB9587AA_AS",53
"ESC_FB9640AA_AS",63192,"ESC_FB9640AA_AS",36
"ESC_FB9641AA_AS",15401,"ESC_FB9641AA_AS",9
"ESC_FB9675AA_AS",11760,"ESC_FB9675AA_AS",7
"ESC_FB9847AA_AS",18893,"ESC_FB9847AA_AS",11
"ESC_GA5350AA_AS",93943,"ESC_GA5350AA_AS",54
"ESC_GA5351AA_AS",32771,"ESC_GA5351AA_AS",19
"ESC_GA8819AA_AS",29958,"ESC_GA8819AA_AS",17
"ESC_GA8857AA_AS",91332,"ESC_GA8857AA_AS",52
"ESC_GA9224AA_AS",25520,"ESC_GA9224AA_AS",15
"ESC_GA9272AA_AS",21705,"ESC_GA9272AA_AS",12
"ESC_GB3527AA_AS",122183,"ESC_GB3527AA_AS",70
"ESC_GB3799AA_AS",35823,"ESC_GB3799AA_AS",21
"ESC_GB3897AA_AS",34640,"ESC_GB3897AA_AS",20
"ESC_GB3934AA_AS",21625,"ESC_GB3934AA_AS",12
"ESC_GB5978AA_AS",20452,"ESC_GB5978AA_AS",12
"ESC_GB6068AA_AS",27373,"ESC_GB6068AA_AS",16
"ESC_GB6087AA_AS",101762,"ESC_GB6087AA_AS",58
"ESC_GB6457AA_AS",91085,"ESC_GB6457AA_AS",52
"ESC_GB6463AA_AS",103896,"ESC_GB6463AA_AS",60
"ESC_GB6540AA_AS",110965,"ESC_GB6540AA_AS",64
"ESC_GB6614AA_AS",23623,"ESC_GB6614AA_AS",14
"ESC_GB6618AA_AS",99372,"ESC_GB6618AA_AS",57
"ESC_GB6690AA_AS",20978,"ESC_GB6690AA_AS",12
"ESC_GB6695AA_AS",55898,"ESC_GB6695AA_AS",32
"ESC_GB6696AA_AS",25400,"ESC_GB6696AA_AS",15
"ESC_GB6889AA_AS",104125,"ESC_GB6889AA_AS",60
"ESC_GB6892AA_AS",81777,"ESC_GB6892AA_AS",47
"ESC_GB6898AA_AS",23558,"ESC_GB6898AA_AS",14
"ESC_GB6899AA_AS",113366,"ESC_GB6899AA_AS",65
"ESC_GB6901AA_AS",103638,"ESC_GB6901AA_AS",59
"ESC_GB6906AA_AS",27373,"ESC_GB6906AA_AS",16
"ESC_GB6943AA_AS",118467,"ESC_GB6943AA_AS",68
"ESC_GB6953AA_AS",23613,"ESC_GB6953AA_AS",14
"ESC_GB9758AA_AS",95660,"ESC_GB9758AA_AS",55
"ESC_GB9956AA_AS",37119,"ESC_GB9956AA_AS",21
"ESC_HA0198AA_AS",20937,"ESC_HA0198AA_AS",12
"ESC_HA0238AA_AS",41988,"ESC_HA0238AA_AS",24
"ESC_HA0246AA_AS",18893,"ESC_HA0246AA_AS",11
"ESC_HA0364AA_AS",91828,"ESC_HA0364AA_AS",53
"ESC_HA0689AA_AS",28359,"ESC_HA0689AA_AS",16
"ESC_HA1968AA_AS",102219,"ESC_HA1968AA_AS",59
"ESC_HA2055AA_AS",20841,"ESC_HA2055AA_AS",12
"ESC_HA4979AA_AS",114663,"ESC_HA4979AA_AS",66
"ESC_HA5006AA_AS",105594,"ESC_HA5006AA_AS",61
"ESC_HA5023AA_AS",115955,"ESC_HA5023AA_AS",67
"ESC_HA5031AA_AS",27787,"ESC_HA5031AA_AS",16
"ESC_HA5037AA_AS",71021,"ESC_HA5037AA_AS",41
"ESC_HA5043AA_AS",18611,"ESC_HA5043AA_AS",11
"ESC_HA5076AA_AS",113450,"ESC_HA5076AA_AS",65
"ESC_HA5094AA_AS",23697,"ESC_HA5094AA_AS",14
"ESC_HA5098AA_AS",20079,"ESC_HA5098AA_AS",12
"ESC_HA5111AA_AS",105751,"ESC_HA5111AA_AS",61
"ESC_HA5117AA_AS",18893,"ESC_HA5117AA_AS",11
"ESC_HA5121AA_AS",24346,"ESC_HA5121AA_AS",14
"ESC_HA5136AA_AS",17725,"ESC_HA5136AA_AS",10
"ESC_HA5149AA_AS",99191,"ESC_HA5149AA_AS",57
"ESC_HA5153AA_AS",93273,"ESC_HA5153AA_AS",54
"ESC_HA5174AA_AS",95790,"ESC_HA5174AA_AS",55
"ESC_HA5557AA_AS",31930,"ESC_HA5557AA_AS",18
"ESC_HA5565AA_AS",33800,"ESC_HA5565AA_AS",19
"ESC_HA5568AA_AS",33809,"ESC_HA5568AA_AS",19
"ESC_HA5570AA_AS",105399,"ESC_HA5570AA_AS",60
"ESC_HA5572AA_AS",39965,"ESC_HA5572AA_AS",23
"ESC_HA5579AA_AS",32763,"ESC_HA5579AA_AS",19
"ESC_HA5580AA_AS",32763,"ESC_HA5580AA_AS",19
"ESC_HA5591AA_AS",20028,"ESC_HA5591AA_AS",11
"ESC_HA5615AA_AS",117993,"ESC_HA5615AA_AS",68
"ESC_HA5663AA_AS",109921,"ESC_HA5663AA_AS",63
"ESC_HA5665AA_AS",36639,"ESC_HA5665AA_AS",21
"ESC_HA5683AA_AS",17968,"ESC_HA5683AA_AS",10
"ESC_HA5800AA_AS",108394,"ESC_HA5800AA_AS",62
"ESC_HA6332AA_AS",102931,"ESC_HA6332AA_AS",59
"ESC_HA6342AA_AS",94606,"ESC_HA6342AA_AS",54
"ESC_HA6411AA_AS",117334,"ESC_HA6411AA_AS",67
"ESC_HA6413AA_AS",95277,"ESC_HA6413AA_AS",55
"ESC_HA6418AA_AS",100999,"ESC_HA6418AA_AS",58
"ESC_HA6420AA_AS",113689,"ESC_HA6420AA_AS",65
"ESC_HA7812AA_AS",110650,"ESC_HA7812AA_AS",64
"ESC_HA7918AA_AS",44221,"ESC_HA7918AA_AS",25
"ESC_HA7931AA_AS",99216,"ESC_HA7931AA_AS",57
"ESC_HA8230AA_AS",23955,"ESC_HA8230AA_AS",14
"ESC_HA8271AA_AS",5730,"ESC_HA8271AA_AS",3
"ESC_HA8279AA_AS",21830,"ESC_HA8279AA_AS",13
"ESC_HA8369AA_AS",115807,"ESC_HA8369AA_AS",66
"ESC_HA8540AA_AS",100303,"ESC_HA8540AA_AS",58
"ESC_HA9073AA_AS",92620,"ESC_HA9073AA_AS",53
"ESC_HB0486AA_AS",24244,"ESC_HB0486AA_AS",14
"ESC_HB8007AA_AS",92667,"ESC_HB8007AA_AS",53
"ESC_HB8577AA_AS",129358,"ESC_HB8577AA_AS",74
"ESC_IA0801AA_AS",21978,"ESC_IA0801AA_AS",13
"ESC_IA0804AA_AS",103739,"ESC_IA0804AA_AS",60
"ESC_IA0811AA_AS",102488,"ESC_IA0811AA_AS",59
"ESC_IA0816AA_AS",24972,"ESC_IA0816AA_AS",14
"ESC_IA1449AA_AS",21259,"ESC_IA1449AA_AS",12
"ESC_IA2216AA_AS",21525,"ESC_IA2216AA_AS",12
"ESC_IA2220AA_AS",113191,"ESC_IA2220AA_AS",65
"ESC_IA2221AA_AS",21188,"ESC_IA2221AA_AS",12
"ESC_IA2225AA_AS",20315,"ESC_IA2225AA_AS",12
"ESC_IA2226AA_AS",18024,"ESC_IA2226AA_AS",10
"ESC_IA2233AA_AS",110220,"ESC_IA2233AA_AS",63
"ESC_IA2239AA_AS",5730,"ESC_IA2239AA_AS",3
"ESC_IA2257AA_AS",111150,"ESC_IA2257AA_AS",64
"ESC_IA2262AA_AS",15026,"ESC_IA2262AA_AS",9
"ESC_IA2264AA_AS",20084,"ESC_IA2264AA_AS",12
"ESC_IA2269AA_AS",109975,"ESC_IA2269AA_AS",63
"ESC_IB6001AA_AS",92323,"ESC_IB6001AA_AS",53
"ESC_IB6595AA_AS",24801,"ESC_IB6595AA_AS",14
"ESC_IB6619AA_AS",111431,"ESC_IB6619AA_AS",64
"ESC_IB6797AA_AS",95972,"ESC_IB6797AA_AS",55
"ESC_IB7362AA_AS",21780,"ESC_IB7362AA_AS",12
"ESC_IB7375AA_AS",93135,"ESC_IB7375AA_AS",53
"ESC_IB7386AA_AS",95985,"ESC_IB7386AA_AS",55
"ESC_IB7413AA_AS",92753,"ESC_IB7413AA_AS",53
"ESC_IB7420AA_AS",34640,"ESC_IB7420AA_AS",20
"ESC_IB7431AA_AS",25987,"ESC_IB7431AA_AS",15
"ESC_IB7433AA_AS",23915,"ESC_IB7433AA_AS",14
"ESC_IB7438AA_AS",26604,"ESC_IB7438AA_AS",15
"ESC_IB7443AA_AS",104477,"ESC_IB7443AA_AS",60
"ESC_IB7449AA_AS",33641,"ESC_IB7449AA_AS",19
"ESC_IB7459AA_AS",18893,"ESC_IB7459AA_AS",11
"ESC_IB7463AA_AS",24530,"ESC_IB7463AA_AS",14
"ESC_IB7465AA_AS",161321,"ESC_IB7465AA_AS",93
"ESC_IB7469AA_AS",27476,"ESC_IB7469AA_AS",16
"ESC_IB7473AA_AS",22369,"ESC_IB7473AA_AS",13
"ESC_IB7486AA_AS",27373,"ESC_IB7486AA_AS",16
"ESC_IB7490AA_AS",27427,"ESC_IB7490AA_AS",16
"ESC_IB7499AA_AS",33925,"ESC_IB7499AA_AS",19
"ESC_IB7516AA_AS",103434,"ESC_IB7516AA_AS",59
"ESC_IB7517AA_AS",20225,"ESC_IB7517AA_AS",12
"ESC_IB7519AA_AS",27373,"ESC_IB7519AA_AS",16
"ESC_IB7523AA_AS",21802,"ESC_IB7523AA_AS",13
"ESC_IB7528AA_AS",22716,"ESC_IB7528AA_AS",13
"ESC_IB7529AA_AS",106306,"ESC_IB7529AA_AS",61
"ESC_IB7531AA_AS",24253,"ESC_IB7531AA_AS",14
"ESC_IB7532AA_AS",24130,"ESC_IB7532AA_AS",14
"ESC_IB7542AA_AS",23714,"ESC_IB7542AA_AS",14
"ESC_IB7548AA_AS",21790,"ESC_IB7548AA_AS",13
"ESC_IB7561AA_AS",6921,"ESC_IB7561AA_AS",4
"ESC_IB7571AA_AS",101206,"ESC_IB7571AA_AS",58
"ESC_IB7572AA_AS",24250,"ESC_IB7572AA_AS",14
"ESC_IB7574AA_AS",18893,"ESC_IB7574AA_AS",11
"ESC_IB7576AA_AS",35081,"ESC_IB7576AA_AS",20
"ESC_IB7582AA_AS",27373,"ESC_IB7582AA_AS",16
"ESC_IB7591AA_AS",20629,"ESC_IB7591AA_AS",12
"ESC_IB7597AA_AS",69943,"ESC_IB7597AA_AS",40
"ESC_IB7604AA_AS",27373,"ESC_IB7604AA_AS",16
"ESC_IB7609AA_AS",21158,"ESC_IB7609AA_AS",12
"ESC_IB7611AA_AS",27373,"ESC_IB7611AA_AS",16
"ESC_IB7615AA_AS",18893,"ESC_IB7615AA_AS",11
"ESC_IB7625AA_AS",111683,"ESC_IB7625AA_AS",64
"ESC_IB7630AA_AS",23789,"ESC_IB7630AA_AS",14
"ESC_IB7632AA_AS",32761,"ESC_IB7632AA_AS",19
"ESC_IB7635AA_AS",27373,"ESC_IB7635AA_AS",16
"ESC_IB7639AA_AS",98485,"ESC_IB7639AA_AS",57
"ESC_IB7649AA_AS",23192,"ESC_IB7649AA_AS",13
"ESC_IB7656AA_AS",24522,"ESC_IB7656AA_AS",14
"ESC_IB7668AA_AS",18893,"ESC_IB7668AA_AS",11
"ESC_IB7669AA_AS",29954,"ESC_IB7669AA_AS",17
"ESC_IB7673AA_AS",35081,"ESC_IB7673AA_AS",20
"ESC_IB7676AA_AS",23605,"ESC_IB7676AA_AS",14
"ESC_IB7682AA_AS",21143,"ESC_IB7682AA_AS",12
"ESC_IB7683AA_AS",3659,"ESC_IB7683AA_AS",2
"ESC_IB7686AA_AS",24522,"ESC_IB7686AA_AS",14
"ESC_IB7693AA_AS",36667,"ESC_IB7693AA_AS",21
"ESC_IB7708AA_AS",18893,"ESC_IB7708AA_AS",11
"ESC_IB7712AA_AS",107919,"ESC_IB7712AA_AS",62
"ESC_IB7713AA_AS",25476,"ESC_IB7713AA_AS",15
"ESC_IB7718AA_AS",19233,"ESC_IB7718AA_AS",11
"ESC_IB7720AA_AS",34640,"ESC_IB7720AA_AS",20
"ESC_IB7723AA_AS",129406,"ESC_IB7723AA_AS",74
"ESC_IB7726AA_AS",113225,"ESC_IB7726AA_AS",65
"ESC_IB7731AA_AS",37983,"ESC_IB7731AA_AS",22
"ESC_IB7732AA_AS",94492,"ESC_IB7732AA_AS",54
"ESC_IB7738AA_AS",18893,"ESC_IB7738AA_AS",11
"ESC_IB7742AA_AS",21297,"ESC_IB7742AA_AS",12
"ESC_IB7745AA_AS",95910,"ESC_IB7745AA_AS",55
"ESC_IB8255AA_AS",24472,"ESC_IB8255AA_AS",14
"ESC_IB8355AA_AS",32761,"ESC_IB8355AA_AS",19
"ESC_IB9074AA_AS",31679,"ESC_IB9074AA_AS",18
"ESC_JA3774AA_AS",110544,"ESC_JA3774AA_AS",63
"ESC_JA3853AA_AS",101514,"ESC_JA3853AA_AS",58
"ESC_JA3948AA_AS",110324,"ESC_JA3948AA_AS",63
"ESC_JA4010AA_AS",91137,"ESC_JA4010AA_AS",52
"ESC_JA4488AA_AS",109979,"ESC_JA4488AA_AS",63
"ESC_JA4566AA_AS",99156,"ESC_JA4566AA_AS",57
"ESC_JA4581AA_AS",92686,"ESC_JA4581AA_AS",53
"ESC_JA4609AA_AS",109945,"ESC_JA4609AA_AS",63
"ESC_JA4751AA_AS",97479,"ESC_JA4751AA_AS",56
"ESC_JA4785AA_AS",90413,"ESC_JA4785AA_AS",52
"ESC_JA5133AA_AS",109579,"ESC_JA5133AA_AS",63
"ESC_JA7639AA_AS",109814,"ESC_JA7639AA_AS",63
"ESC_JA8124AA_AS",102911,"ESC_JA8124AA_AS",59
"ESC_JA8284AA_AS",103789,"ESC_JA8284AA_AS",60
"ESC_JA8368AA_AS",87593,"ESC_JA8368AA_AS",50
"ESC_JA9326AA_AS",13517,"ESC_JA9326AA_AS",8
"ESC_JA9945AA_AS",84539,"ESC_JA9945AA_AS",49
"ESC_JB5829AA_AS",18893,"ESC_JB5829AA_AS",11
"ESC_JB8253AA_AS",77729,"ESC_JB8253AA_AS",45
"ESC_JB8357AA_AS",105265,"ESC_JB8357AA_AS",60
"ESC_JB8358AA_AS",111363,"ESC_JB8358AA_AS",64
"ESC_JB8359AA_AS",101758,"ESC_JB8359AA_AS",58
"ESC_JB9522AA_AS",92777,"ESC_JB9522AA_AS",53
"ESC_JB9585AA_AS",116274,"ESC_JB9585AA_AS",67
"ESC_KA0604AA_AS",92366,"ESC_KA0604AA_AS",53
"ESC_KA0652AA_AS",10999,"ESC_KA0652AA_AS",6
"ESC_KA0889AA_AS",22030,"ESC_KA0889AA_AS",13
"ESC_KA1451AA_AS",92946,"ESC_KA1451AA_AS",53
"ESC_KA1594AA_AS",100934,"ESC_KA1594AA_AS",58
"ESC_KA3859AA_AS",19297,"ESC_KA3859AA_AS",11
"ESC_KA4244AA_AS",87359,"ESC_KA4244AA_AS",50
"ESC_KA4597AA_AS",116945,"ESC_KA4597AA_AS",67
"ESC_KA4607AA_AS",113615,"ESC_KA4607AA_AS",65
"ESC_KA6867AA_AS",88762,"ESC_KA6867AA_AS",51
"ESC_KA9265AA_AS",108588,"ESC_KA9265AA_AS",62
"ESC_KA9267AA_AS",105693,"ESC_KA9267AA_AS",61
"ESC_KA9324AA_AS",108075,"ESC_KA9324AA_AS",62
"ESC_KA9597AA_AS",106773,"ESC_KA9597AA_AS",61
"ESC_KA9598AA_AS",109127,"ESC_KA9598AA_AS",63
"ESC_KB3273AA_AS",112511,"ESC_KB3273AA_AS",65
"ESC_KB3274AA_AS",112918,"ESC_KB3274AA_AS",65
"ESC_KB3275AA_AS",111757,"ESC_KB3275AA_AS",64
"ESC_KB3276AA_AS",113066,"ESC_KB3276AA_AS",65
"ESC_KB3279AA_AS",111784,"ESC_KB3279AA_AS",64
"ESC_KB3281AA_AS",107025,"ESC_KB3281AA_AS",61
"ESC_KB3352AA_AS",115100,"ESC_KB3352AA_AS",66
"ESC_KB3369AA_AS",111724,"ESC_KB3369AA_AS",64
"ESC_KB3395AA_AS",104463,"ESC_KB3395AA_AS",60
"ESC_KB3408AA_AS",110113,"ESC_KB3408AA_AS",63
"ESC_KB3427AA_AS",112864,"ESC_KB3427AA_AS",65
"ESC_KB3428AA_AS",114625,"ESC_KB3428AA_AS",66
"ESC_KB3527AA_AS",110396,"ESC_KB3527AA_AS",63
"ESC_KB3783AA_AS",99315,"ESC_KB3783AA_AS",57
"ESC_KB3935AA_AS",92121,"ESC_KB3935AA_AS",53
"ESC_KB3958AA_AS",113174,"ESC_KB3958AA_AS",65
"ESC_KB3963AA_AS",106046,"ESC_KB3963AA_AS",61
"ESC_KB3965AA_AS",110549,"ESC_KB3965AA_AS",63
"ESC_KB3979AA_AS",115054,"ESC_KB3979AA_AS",66
"ESC_KB3986AA_AS",96114,"ESC_KB3986AA_AS",55
"ESC_KB4003AA_AS",110457,"ESC_KB4003AA_AS",63
"ESC_KB4030AA_AS",117657,"ESC_KB4030AA_AS",68
"ESC_KB4123AA_AS",111731,"ESC_KB4123AA_AS",64
"ESC_KB4146AA_AS",100566,"ESC_KB4146AA_AS",58
"ESC_KB4162AA_AS",110480,"ESC_KB4162AA_AS",63
"ESC_KB4192AA_AS",88100,"ESC_KB4192AA_AS",51
"ESC_KB4202AA_AS",95877,"ESC_KB4202AA_AS",55
"ESC_KB4692AA_AS",112181,"ESC_KB4692AA_AS",64
"ESC_KB9700AA_AS",113898,"ESC_KB9700AA_AS",65
"ESC_KB9703AA_AS",117588,"ESC_KB9703AA_AS",67
"ESC_KB9714AA_AS",113681,"ESC_KB9714AA_AS",65
"ESC_KB9715AA_AS",115240,"ESC_KB9715AA_AS",66
"ESC_KB9716AA_AS",113028,"ESC_KB9716AA_AS",65
"ESC_KB9720AA_AS",113577,"ESC_KB9720AA_AS",65
"ESC_KB9721AA_AS",112918,"ESC_KB9721AA_AS",65
"ESC_KB9722AA_AS",113718,"ESC_KB9722AA_AS",65
"ESC_KB9725AA_AS",120958,"ESC_KB9725AA_AS",69
"ESC_KB9726AA_AS",117223,"ESC_KB9726AA_AS",67
"ESC_KB9729AA_AS",123841,"ESC_KB9729AA_AS",71
"ESC_KB9732AA_AS",116903,"ESC_KB9732AA_AS",67
"ESC_KB9734AA_AS",116087,"ESC_KB9734AA_AS",67
"ESC_KB9735AA_AS",112259,"ESC_KB9735AA_AS",64
"ESC_KB9751AA_AS",112918,"ESC_KB9751AA_AS",65
"ESC_KB9762AA_AS",114106,"ESC_KB9762AA_AS",65
"ESC_KB9767AA_AS",113027,"ESC_KB9767AA_AS",65
"ESC_KB9768AA_AS",112872,"ESC_KB9768AA_AS",65
"ESC_LA4536AA_AS",23180,"ESC_LA4536AA_AS",13
"ESC_LA4539AA_AS",36559,"ESC_LA4539AA_AS",21
"ESC_LA4540AA_AS",43705,"ESC_LA4540AA_AS",25
"ESC_LA5735AA_AS",21863,"ESC_LA5735AA_AS",13
"ESC_LA5763AA_AS",10551,"ESC_LA5763AA_AS",6
"ESC_LA5874AA_AS",104510,"ESC_LA5874AA_AS",60
"ESC_LA5890AA_AS",38971,"ESC_LA5890AA_AS",22
"ESC_LB0076AA_AS",98154,"ESC_LB0076AA_AS",56
"ESC_LB0314AA_AS",112140,"ESC_LB0314AA_AS",64
"ESC_LB0394AA_AS",18893,"ESC_LB0394AA_AS",11
"ESC_LB0440AA_AS",96200,"ESC_LB0440AA_AS",55
"ESC_LB0692AA_AS",20079,"ESC_LB0692AA_AS",12
"ESC_LB2789AA_AS",18893,"ESC_LB2789AA_AS",11
"ESC_LB6010AA_AS",34393,"ESC_LB6010AA_AS",20
"ESC_NA3970AA_AS",80978,"ESC_NA3970AA_AS",46
"ESC_NA3971AA_AS",102014,"ESC_NA3971AA_AS",59
"ESC_NA3972AA_AS",28920,"ESC_NA3972AA_AS",17
"ESC_NA3973AA_AS",108644,"ESC_NA3973AA_AS",62
"ESC_NA3974AA_AS",118785,"ESC_NA3974AA_AS",68
"ESC_NA3975AA_AS",106463,"ESC_NA3975AA_AS",61
"ESC_NA3976AA_AS",42343,"ESC_NA3976AA_AS",24
"ESC_NA3979AA_AS",35004,"ESC_NA3979AA_AS",20
"ESC_NA3980AA_AS",108792,"ESC_NA3980AA_AS",62
"ESC_NA3982AA_AS",117937,"ESC_NA3982AA_AS",68
"ESC_NA3983AA_AS",103845,"ESC_NA3983AA_AS",60
"ESC_NA3984AA_AS",103481,"ESC_NA3984AA_AS",59
"ESC_NA3985AA_AS",22942,"ESC_NA3985AA_AS",13
"ESC_NA3987AA_AS",84071,"ESC_NA3987AA_AS",48
"ESC_NA3988AA_AS",70059,"ESC_NA3988AA_AS",40
"ESC_NA3989AA_AS",102759,"ESC_NA3989AA_AS",59
"ESC_NA3990AA_AS",61064,"ESC_NA3990AA_AS",35
"ESC_NA3991AA_AS",103464,"ESC_NA3991AA_AS",59
"ESC_NA3992AA_AS",117340,"ESC_NA3992AA_AS",67
"ESC_NA3993AA_AS",112844,"ESC_NA3993AA_AS",65
"ESC_NA3994AA_AS",33958,"ESC_NA3994AA_AS",19
"ESC_NA3995AA_AS",12961,"ESC_NA3995AA_AS",7
"ESC_NA3996AA_AS",26283,"ESC_NA3996AA_AS",15
"ESC_NA3997AA_AS",25852,"ESC_NA3997AA_AS",15
"ESC_NA3999AA_AS",105317,"ESC_NA3999AA_AS",60
"ESC_NA4000AA_AS",108551,"ESC_NA4000AA_AS",62
"ESC_NA4001AA_AS",109092,"ESC_NA4001AA_AS",63
"ESC_NA4002AA_AS",118245,"ESC_NA4002AA_AS",68
"ESC_NA4003AA_AS",116902,"ESC_NA4003AA_AS",67
"ESC_NA4004AA_AS",109434,"ESC_NA4004AA_AS",63
"ESC_NA4005AA_AS",107430,"ESC_NA4005AA_AS",62
"ESC_NA4006AA_AS",5730,"ESC_NA4006AA_AS",3
"ESC_NA4008AA_AS",5730,"ESC_NA4008AA_AS",3
"ESC_NA4009AA_AS",6057,"ESC_NA4009AA_AS",3
"ESC_NA4010AA_AS",18040,"ESC_NA4010AA_AS",10
"ESC_NA4012AA_AS",27373,"ESC_NA4012AA_AS",16
"ESC_NA4013AA_AS",115857,"ESC_NA4013AA_AS",66
"ESC_NA4015AA_AS",45633,"ESC_NA4015AA_AS",26
"ESC_NA4016AA_AS",27792,"ESC_NA4016AA_AS",16
"ESC_NA4018AA_AS",18893,"ESC_NA4018AA_AS",11
"ESC_NA4019AA_AS",93356,"ESC_NA4019AA_AS",54
"ESC_NA4020AA_AS",40048,"ESC_NA4020AA_AS",23
"ESC_NA4021AA_AS",103941,"ESC_NA4021AA_AS",60
"ESC_NA4022AA_AS",26601,"ESC_NA4022AA_AS",15
"ESC_NA4023AA_AS",25639,"ESC_NA4023AA_AS",15
"ESC_NA4024AA_AS",92124,"ESC_NA4024AA_AS",53
"ESC_NA4025AA_AS",108676,"ESC_NA4025AA_AS",62
"ESC_NA4026AA_AS",26601,"ESC_NA4026AA_AS",15
"ESC_NA4027AA_AS",18893,"ESC_NA4027AA_AS",11
"ESC_NA4028AA_AS",113163,"ESC_NA4028AA_AS",65
"ESC_NA4029AA_AS",18893,"ESC_NA4029AA_AS",11
"ESC_NA4030AA_AS",115039,"ESC_NA4030AA_AS",66
"ESC_NA4031AA_AS",33055,"ESC_NA4031AA_AS",19
"ESC_NA4032AA_AS",80544,"ESC_NA4032AA_AS",46
"ESC_NA4033AA_AS",40089,"ESC_NA4033AA_AS",23
"ESC_NA4034AA_AS",29155,"ESC_NA4034AA_AS",17
"ESC_NA4035AA_AS",116851,"ESC_NA4035AA_AS",67
"ESC_NA4036AA_AS",95485,"ESC_NA4036AA_AS",55
"ESC_NA4037AA_AS",114833,"ESC_NA4037AA_AS",66
"ESC_NA4038AA_AS",20079,"ESC_NA4038AA_AS",12
"ESC_NA4040AA_AS",18893,"ESC_NA4040AA_AS",11
"ESC_NA4043AA_AS",103007,"ESC_NA4043AA_AS",59
"ESC_NA4044AA_AS",118783,"ESC_NA4044AA_AS",68
"ESC_NA4045AA_AS",113912,"ESC_NA4045AA_AS",65
"ESC_NA4046AA_AS",8743,"ESC_NA4046AA_AS",5
"ESC_NA4048AA_AS",93221,"ESC_NA4048AA_AS",54
"ESC_NA4049AA_AS",103871,"ESC_NA4049AA_AS",60
"ESC_NA4051AA_AS",21389,"ESC_NA4051AA_AS",12
"ESC_NA4052AA_AS",106395,"ESC_NA4052AA_AS",61
"ESC_NA4053AA_AS",101402,"ESC_NA4053AA_AS",58
"ESC_NA4054AA_AS",29820,"ESC_NA4054AA_AS",17
"ESC_NA4055AA_AS",107369,"ESC_NA4055AA_AS",62
"ESC_NA4056AA_AS",117566,"ESC_NA4056AA_AS",67
"ESC_NA4057AA_AS",93852,"ESC_NA4057AA_AS",54
"ESC_NA4058AA_AS",111736,"ESC_NA4058AA_AS",64
"ESC_NA4059AA_AS",91838,"ESC_NA4059AA_AS",53
"ESC_NA4060AA_AS",93839,"ESC_NA4060AA_AS",54
"ESC_NA4061AA_AS",115998,"ESC_NA4061AA_AS",67
"ESC_NA4062AA_AS",21825,"ESC_NA4062AA_AS",13
"ESC_NA4063AA_AS",117696,"ESC_NA4063AA_AS",68
"ESC_NA4064AA_AS",21274,"ESC_NA4064AA_AS",12
"ESC_NA4065AA_AS",17905,"ESC_NA4065AA_AS",10
"ESC_NA4066AA_AS",115253,"ESC_NA4066AA_AS",66
"ESC_NA4067AA_AS",117516,"ESC_NA4067AA_AS",67
"ESC_NA4068AA_AS",117892,"ESC_NA4068AA_AS",68
"ESC_NA4069AA_AS",117135,"ESC_NA4069AA_AS",67
"ESC_NA4070AA_AS",117714,"ESC_NA4070AA_AS",68
"ESC_NA4071AA_AS",118453,"ESC_NA4071AA_AS",68
"ESC_NA4072AA_AS",118306,"ESC_NA4072AA_AS",68
"ESC_PA1111AA_AS",18893,"ESC_PA1111AA_AS",11
"ESC_PA1355AA_AS",18893,"ESC_PA1355AA_AS",11
"ESC_PA1356AA_AS",34831,"ESC_PA1356AA_AS",20
"ESC_PA7839AA_AS",96026,"ESC_PA7839AA_AS",55
"ESC_QA2182AA_AS",24059,"ESC_QA2182AA_AS",14
"ESC_QA2890AA_AS",89874,"ESC_QA2890AA_AS",52
"ESC_QA3565AA_AS",49386,"ESC_QA3565AA_AS",28
"ESC_QA3671AA_AS",109970,"ESC_QA3671AA_AS",63
"ESC_QA3675AA_AS",105887,"ESC_QA3675AA_AS",61
"ESC_QA3677AA_AS",32352,"ESC_QA3677AA_AS",19
"ESC_QA5163AA_AS",32059,"ESC_QA5163AA_AS",18
"ESC_QA5188AA_AS",82873,"ESC_QA5188AA_AS",48
"ESC_QA5199AA_AS",29680,"ESC_QA5199AA_AS",17
"ESC_QA5208AA_AS",33281,"ESC_QA5208AA_AS",19
"ESC_QA5378AA_AS",18842,"ESC_QA5378AA_AS",11
"ESC_QA5479AA_AS",29680,"ESC_QA5479AA_AS",17
"ESC_QA5498AA_AS",24528,"ESC_QA5498AA_AS",14
"ESC_QA5539AA_AS",38190,"ESC_QA5539AA_AS",22
"ESC_QA5645AA_AS",44221,"ESC_QA5645AA_AS",25
"ESC_QA5905AA_AS",22978,"ESC_QA5905AA_AS",13
"ESC_QA5908AA_AS",19147,"ESC_QA5908AA_AS",11
"ESC_QA5919AA_AS",110777,"ESC_QA5919AA_AS",64
"ESC_QA6460AA_AS",30703,"ESC_QA6460AA_AS",18
"ESC_QA6616AA_AS",35201,"ESC_QA6616AA_AS",20
"ESC_QA6930AA_AS",40817,"ESC_QA6930AA_AS",23
"ESC_QA7345AA_AS",18681,"ESC_QA7345AA_AS",11
"ESC_QA7385AA_AS",45017,"ESC_QA7385AA_AS",26
"ESC_QA7392AA_AS",27373,"ESC_QA7392AA_AS",16
"ESC_QA7436AA_AS",19796,"ESC_QA7436AA_AS",11
"ESC_QA7440AA_AS",27373,"ESC_QA7440AA_AS",16
"ESC_QA7446AA_AS",112615,"ESC_QA7446AA_AS",65
"ESC_QA7591AA_AS",93269,"ESC_QA7591AA_AS",54
"ESC_QA7811AA_AS",23995,"ESC_QA7811AA_AS",14
"ESC_QA7860AA_AS",110916,"ESC_QA7860AA_AS",64
"ESC_QA7877AA_AS",21891,"ESC_QA7877AA_AS",13
"ESC_QA7878AA_AS",18081,"ESC_QA7878AA_AS",10
"ESC_QA7942AA_AS",109688,"ESC_QA7942AA_AS",63
"ESC_QA7947AA_AS",25874,"ESC_QA7947AA_AS",15
"ESC_QA7981AA_AS",33500,"ESC_QA7981AA_AS",19
"ESC_QA8120AA_AS",34660,"ESC_QA8120AA_AS",20
"ESC_QA8121AA_AS",61931,"ESC_QA8121AA_AS",36
"ESC_QA8168AA_AS",80080,"ESC_QA8168AA_AS",46
"ESC_QA8186AA_AS",19796,"ESC_QA8186AA_AS",11
"ESC_QA8859AA_AS",23995,"ESC_QA8859AA_AS",14
"ESC_QA8947AA_AS",24533,"ESC_QA8947AA_AS",14
"ESC_QA8948AA_AS",22172,"ESC_QA8948AA_AS",13
"ESC_QA8950AA_AS",32843,"ESC_QA8950AA_AS",19
"ESC_QA8963AA_AS",46007,"ESC_QA8963AA_AS",26
"ESC_QA9416AA_AS",26744,"ESC_QA9416AA_AS",15
"ESC_QA9654AA_AS",111606,"ESC_QA9654AA_AS",64
"ESC_RA0152AA_AS",22640,"ESC_RA0152AA_AS",13
"ESC_RA4044AA_AS",112625,"ESC_RA4044AA_AS",65
"ESC_RA4047AA_AS",92918,"ESC_RA4047AA_AS",53
"ESC_RA4048AA_AS",112590,"ESC_RA4048AA_AS",65
"ESC_RA4050AA_AS",91834,"ESC_RA4050AA_AS",53
"ESC_RA4068AA_AS",91514,"ESC_RA4068AA_AS",53
"ESC_RA4278AA_AS",119818,"ESC_RA4278AA_AS",69
"ESC_RA4281AA_AS",120022,"ESC_RA4281AA_AS",69
"ESC_RA4508AA_AS",10948,"ESC_RA4508AA_AS",6
"ESC_RA7116AA_AS",104900,"ESC_RA7116AA_AS",60
"ESC_SA0482AA_AS",49202,"ESC_SA0482AA_AS",28
"ESC_SA0489AA_AS",41470,"ESC_SA0489AA_AS",24
"ESC_SA2297AA_AS",21355,"ESC_SA2297AA_AS",12
"ESC_SA2410AA_AS",5730,"ESC_SA2410AA_AS",3
"ESC_SA2728AA_AS",25136,"ESC_SA2728AA_AS",14
"ESC_SA2788AA_AS",91163,"ESC_SA2788AA_AS",52
"ESC_SA3661AA_AS",119863,"ESC_SA3661AA_AS",69
"ESC_SA4839AA_AS",113960,"ESC_SA4839AA_AS",65
"ESC_SA5048AA_AS",6303,"ESC_SA5048AA_AS",4
"ESC_SA6572AA_AS",23241,"ESC_SA6572AA_AS",13
"ESC_SA8243AA_AS",95549,"ESC_SA8243AA_AS",55
"ESC_SA8250AA_AS",103111,"ESC_SA8250AA_AS",59
"ESC_SA8273AA_AS",101589,"ESC_SA8273AA_AS",58
"ESC_SA8291AA_AS",116124,"ESC_SA8291AA_AS",67
"ESC_SA8296AA_AS",108868,"ESC_SA8296AA_AS",62
"ESC_SA8301AA_AS",117466,"ESC_SA8301AA_AS",67
"ESC_SA8312AA_AS",103143,"ESC_SA8312AA_AS",59
"ESC_TA2365AA_AS",18640,"ESC_TA2365AA_AS",11
"ESC_TA2436AA_AS",20507,"ESC_TA2436AA_AS",12
"ESC_TA2839AA_AS",116342,"ESC_TA2839AA_AS",67
"ESC_TA7147AA_AS",84893,"ESC_TA7147AA_AS",49
"ESC_TA7169AA_AS",92763,"ESC_TA7169AA_AS",53
"ESC_TA8195AA_AS",93373,"ESC_TA8195AA_AS",54
"ESC_TA8466AA_AS",21200,"ESC_TA8466AA_AS",12
"ESC_TA8684AA_AS",102937,"ESC_TA8684AA_AS",59
"ESC_TA8693AA_AS",24801,"ESC_TA8693AA_AS",14
"ESC_TA8694AA_AS",131911,"ESC_TA8694AA_AS",76
"ESC_TA8695AA_AS",18893,"ESC_TA8695AA_AS",11
"ESC_TA8696AA_AS",18893,"ESC_TA8696AA_AS",11
"ESC_TA8698AA_AS",18893,"ESC_TA8698AA_AS",11
"ESC_TA8700AA_AS",23714,"ESC_TA8700AA_AS",14
"ESC_TA8706AA_AS",18893,"ESC_TA8706AA_AS",11
"ESC_TA8708AA_AS",20390,"ESC_TA8708AA_AS",12
"ESC_TA8713AA_AS",18893,"ESC_TA8713AA_AS",11
"ESC_TA8716AA_AS",20079,"ESC_TA8716AA_AS",12
"ESC_TA8717AA_AS",18893,"ESC_TA8717AA_AS",11
"ESC_TA8724AA_AS",45018,"ESC_TA8724AA_AS",26
"ESC_TA8730AA_AS",18893,"ESC_TA8730AA_AS",11
"ESC_TA8731AA_AS",66535,"ESC_TA8731AA_AS",38
"ESC_TA8792AA_AS",21200,"ESC_TA8792AA_AS",12
"ESC_TA8927AA_AS",116617,"ESC_TA8927AA_AS",67
"ESC_TA9938AA_AS",23044,"ESC_TA9938AA_AS",13
"ESC_UA1505AA_AS",97508,"ESC_UA1505AA_AS",56
"ESC_UA1831AA_AS",47814,"ESC_UA1831AA_AS",27
"ESC_VA0598AA_AS",117533,"ESC_VA0598AA_AS",67
"ESC_VA1064AA_AS",103314,"ESC_VA1064AA_AS",59
"ESC_VA3679AA_AS",114588,"ESC_VA3679AA_AS",66
"ESC_VA4677AA_AS",91769,"ESC_VA4677AA_AS",53
"ESC_VA5393AA_AS",49386,"ESC_VA5393AA_AS",28
"ESC_VA7372AA_AS",42774,"ESC_VA7372AA_AS",25
"ESC_WA0219AA_AS",24900,"ESC_WA0219AA_AS",14
"ESC_WA0222AA_AS",24683,"ESC_WA0222AA_AS",14
"ESC_WA1915AA_AS",93477,"ESC_WA1915AA_AS",54
"ESC_WA2637AA_AS",110225,"ESC_WA2637AA_AS",63
"ESC_WA2654AA_AS",111377,"ESC_WA2654AA_AS",64
"ESC_WA2657AA_AS",111377,"ESC_WA2657AA_AS",64
"ESC_WA2664AA_AS",111377,"ESC_WA2664AA_AS",64
"ESC_WA2673AA_AS",116699,"ESC_WA2673AA_AS",67
"ESC_WA6850AA_AS",22984,"ESC_WA6850AA_AS",13
"ESC_WA6851AA_AS",30005,"ESC_WA6851AA_AS",17
"ESC_WA6852AA_AS",5730,"ESC_WA6852AA_AS",3
"ESC_WA6853AA_AS",14924,"ESC_WA6853AA_AS",9
"ESC_WA6854AA_AS",35659,"ESC_WA6854AA_AS",20
"ESC_WA6855AA_AS",37997,"ESC_WA6855AA_AS",22
"ESC_WA6856AA_AS",27373,"ESC_WA6856AA_AS",16
"ESC_WA6857AA_AS",32705,"ESC_WA6857AA_AS",19
"ESC_WA6859AA_AS",108006,"ESC_WA6859AA_AS",62
"ESC_WA6860AA_AS",20263,"ESC_WA6860AA_AS",12
"ESC_WA6886AA_AS",106158,"ESC_WA6886AA_AS",61
"ESC_WA6887AA_AS",35174,"ESC_WA6887AA_AS",20
"ESC_WA6888AA_AS",24617,"ESC_WA6888AA_AS",14
"ESC_WA6922AA_AS",105600,"ESC_WA6922AA_AS",61
"ESC_WA6923AA_AS",5730,"ESC_WA6923AA_AS",3
"ESC_WA6924AA_AS",24069,"ESC_WA6924AA_AS",14
"ESC_WA6925AA_AS",21250,"ESC_WA6925AA_AS",12
"ESC_WA6926AA_AS",108831,"ESC_WA6926AA_AS",62
"ESC_WA6927AA_AS",21791,"ESC_WA6927AA_AS",13
"ESC_WA6928AA_AS",24416,"ESC_WA6928AA_AS",14
"ESC_WA6929AA_AS",21804,"ESC_WA6929AA_AS",13
"ESC_WA6932AA_AS",113148,"ESC_WA6932AA_AS",65
"ESC_WA6933AA_AS",17897,"ESC_WA6933AA_AS",10
"ESC_WA6970AA_AS",23211,"ESC_WA6970AA_AS",13
"ESC_WA6971AA_AS",24722,"ESC_WA6971AA_AS",14
"ESC_WA6972AA_AS",91973,"ESC_WA6972AA_AS",53
"ESC_WA6975AA_AS",25386,"ESC_WA6975AA_AS",15
"ESC_WA6976AA_AS",14210,"ESC_WA6976AA_AS",8
"ESC_WA6977AA_AS",105069,"ESC_WA6977AA_AS",60
"ESC_WA6979AA_AS",20572,"ESC_WA6979AA_AS",12
"ESC_WA9611AA_AS",110363,"ESC_WA9611AA_AS",63
"ESC_WA9986AA_AS",112004,"ESC_WA9986AA_AS",64
"ESC_XA0482AA_AS",116134,"ESC_XA0482AA_AS",67
"ESC_XA1004AA_AS",20315,"ESC_XA1004AA_AS",12
"ESC_XA1018AA_AS",24440,"ESC_XA1018AA_AS",14
"ESC_XA1050AA_AS",82168,"ESC_XA1050AA_AS",47
"ESC_XA1055AA_AS",98020,"ESC_XA1055AA_AS",56
"ESC_XA1066AA_AS",21840,"ESC_XA1066AA_AS",13
"ESC_XA1076AA_AS",22136,"ESC_XA1076AA_AS",13
"ESC_XA1079AA_AS",11434,"ESC_XA1079AA_AS",7
"ESC_XA1089AA_AS",21192,"ESC_XA1089AA_AS",12
"ESC_XA1108AA_AS",18893,"ESC_XA1108AA_AS",11
"ESC_XA1114AA_AS",12461,"ESC_XA1114AA_AS",7
"ESC_XA1115AA_AS",6300,"ESC_XA1115AA_AS",4
"ESC_XA1126AA_AS",116819,"ESC_XA1126AA_AS",67
"ESC_XA1127AA_AS",25566,"ESC_XA1127AA_AS",15
"ESC_XA1135AA_AS",94802,"ESC_XA1135AA_AS",54
"ESC_XA1141AA_AS",45811,"ESC_XA1141AA_AS",26
"ESC_XA1146AA_AS",34062,"ESC_XA1146AA_AS",20
"ESC_XA1150AA_AS",18893,"ESC_XA1150AA_AS",11
"ESC_XA1159AA_AS",91404,"ESC_XA1159AA_AS",52
"ESC_XA1162AA_AS",21186,"ESC_XA1162AA_AS",12
"ESC_XA1186AA_AS",30270,"ESC_XA1186AA_AS",17
"ESC_XA1205AA_AS",18893,"ESC_XA1205AA_AS",11
"ESC_XA1222AA_AS",90777,"ESC_XA1222AA_AS",52
"ESC_XA1223AA_AS",21200,"ESC_XA1223AA_AS",12
"ESC_XA1224AA_AS",18893,"ESC_XA1224AA_AS",11
"ESC_XA1239AA_AS",18893,"ESC_XA1239AA_AS",11
"ESC_XA1243AA_AS",18893,"ESC_XA1243AA_AS",11
"ESC_XA1246AA_AS",24801,"ESC_XA1246AA_AS",14
"ESC_XA1253AA_AS",20351,"ESC_XA1253AA_AS",12
"ESC_XA1273AA_AS",92541,"ESC_XA1273AA_AS",53
"ESC_XA1274AA_AS",18893,"ESC_XA1274AA_AS",11
"ESC_XA1293AA_AS",18893,"ESC_XA1293AA_AS",11
"ESC_XA1294AA_AS",18893,"ESC_XA1294AA_AS",11
"ESC_XA1311AA_AS",29641,"ESC_XA1311AA_AS",17
"ESC_XA1313AA_AS",34651,"ESC_XA1313AA_AS",20
"ESC_XA1321AA_AS",21840,"ESC_XA1321AA_AS",13
"ESC_XA1348AA_AS",103217,"ESC_XA1348AA_AS",59
"ESC_XA1350AA_AS",113764,"ESC_XA1350AA_AS",65
"ESC_XA1359AA_AS",94608,"ESC_XA1359AA_AS",54
"ESC_XA1360AA_AS",31285,"ESC_XA1360AA_AS",18
"ESC_XA1375AA_AS",19952,"ESC_XA1375AA_AS",11
"ESC_XA1381AA_AS",17939,"ESC_XA1381AA_AS",10
"ESC_XA1384AA_AS",30320,"ESC_XA1384AA_AS",17
"ESC_XA1393AA_AS",79667,"ESC_XA1393AA_AS",46
"ESC_XA1397AA_AS",108884,"ESC_XA1397AA_AS",62
"ESC_XA1403AA_AS",104347,"ESC_XA1403AA_AS",60
"ESC_XA1408AA_AS",89213,"ESC_XA1408AA_AS",51
"ESC_XA4718AA_AS",28846,"ESC_XA4718AA_AS",17
"ESC_XA7358AA_AS",91899,"ESC_XA7358AA_AS",53
"ESC_XA8795AA_AS",18893,"ESC_XA8795AA_AS",11
"ESC_YA6556AA_AS",18893,"ESC_YA6556AA_AS",11
"ESC_ZA6514AA_AS",43188,"ESC_ZA6514AA_AS",25
"ESC_ZA9457AA_AS",43188,"ESC_ZA9457AA_AS",25
